Best Brain: 658 with Fitness 25461484367059 and livespan (ticksAlive) of 29419 ms
sketch.js:221 Best Brain Dump:
sketch.js:222 {"numIn":5,"numHidden":10,"numOut":1,"weightsInHidden":[[0.8257213025966605,0.06749087363294581,0.5632562988955192,0.4033156975845651,-0.8415093861512231,0.4868091176891356,-0.9896668736022762,0.11049326609343546,0.896259255894053,-0.5306231907404932],[-0.559666310146375,-0.5743848631622372,-0.06106883451933376,0.18447167870129388,-0.9583596035965825,-0.3538007651545294,-0.6377228583554211,-0.3864075857725151,0.5722508069822303,0.37797832707550416],[-0.11787499551597036,0.5428531143583517,-0.5775672043360673,-0.7282581764645415,-0.15179784312786282,0.1780951250642302,-0.2924824145973546,0.7008873219513219,-0.9140102715521616,-0.7515549626815128],[-0.3045421021169048,-0.16771329020408432,-0.587373012344141,0.42748244826788606,-0.5361521796924593,0.87512171466483,0.9983971057596626,-0.36383099161391064,0.3396527777210536,-0.5974869734628339],[-0.26750548827746345,0.2168506840746225,0.4200607406379746,0.4968424191922569,0.5430830377147564,-0.8328294173738398,-0.2551033101739719,0.010487395877495809,-0.6430613253700812,-0.04351052602250882]],"weightsHiddenOut":[[0.24291818265976794],[0.48624664702530596],[-0.5366166462926321],[-0.10481269107209434],[-0.8530801333425488],[-0.74530506170123],[-0.4501435320929843],[-0.9317569322719019],[0.2357822221057424],[0.4746741015340785]]}

Best Brain: 589 with Fitness 6717034868032 and livespan (ticksAlive) of 18868 ms
sketch.js:221 Best Brain Dump:
sketch.js:222 {"numIn":5,"numHidden":10,"numOut":1,"weightsInHidden":[[0.8257213025966605,0.06749087363294581,0.5632562988955192,0.4033156975845651,-0.8415093861512231,0.4868091176891356,-0.9896668736022762,0.11049326609343546,0.896259255894053,-0.5306231907404932],[-0.559666310146375,-0.5743848631622372,-0.06106883451933376,0.18447167870129388,-0.9583596035965825,-0.3538007651545294,-0.6377228583554211,-0.3864075857725151,0.5722508069822303,0.37797832707550416],[-0.11787499551597036,0.5428531143583517,-0.5775672043360673,0.204532498869352,-0.15179784312786282,0.1780951250642302,-0.4015719534270248,0.7008873219513219,-0.9140102715521616,-0.7515549626815128],[-0.3045421021169048,-0.16771329020408432,-0.587373012344141,0.42748244826788606,-0.5361521796924593,0.87512171466483,0.9983971057596626,-0.36383099161391064,0.3396527777210536,-0.5974869734628339],[-0.26750548827746345,0.2168506840746225,0.4200607406379746,0.4968424191922569,0.5430830377147564,-0.8328294173738398,-0.2551033101739719,0.010487395877495809,-0.6430613253700812,-0.04351052602250882]],"weightsHiddenOut":[[0.24291818265976794],[0.48624664702530596],[-0.5366166462926321],[-0.10481269107209434],[-0.8530801333425488],[-0.74530506170123],[-0.4501435320929843],[-0.9317569322719019],[0.2357822221057424],[0.4746741015340785]]}

Survived > 1500 Pipes!!!

Best Brain: 630 with Fitness 716148665911232 and livespan (ticksAlive) of 89468 ms
sketch.js:221 Best Brain Dump:
sketch.js:222 {"numIn":5,"numHidden":10,"numOut":1,"weightsInHidden":[[0.5847385838659851,-0.8283096162837074,0.2839305086446757,0.7903042146061048,0.9158037219014166,-0.8417150508575191,0.20197124928160037,-0.8599776509148229,-0.9237555472859673,-0.538826871755131],[-0.711012031449479,0.5074562407799166,-0.12721116199394,0.061616779675685684,-0.15653203250276948,0.822424021808146,0.47341824715105574,-0.5424091062167951,-0.6666823424811379,0.7013092443677826],[-0.47975734178166274,-0.17239576033306347,0.7034121358617464,-0.2502262616747397,0.46499672246864376,0.474386092497455,-0.5024212954280025,0.6987959362702783,0.8509678636726437,0.1362643326432844],[0.2755269642924476,0.35182589299639666,0.3193854224095196,0.35976795911609627,-0.28301043165433337,0.0866105832466435,0.20624450067099476,0.5851655511630198,-0.4083039790959806,-0.4632604348423548],[-0.00950852141471703,-0.5420588923299998,-0.46247207266081647,-0.7338700094838366,-0.2997123873011285,0.5180011563923357,0.6776476998812169,0.023880155152841587,0.15186281777379596,0.5043881021656222]],"weightsHiddenOut":[[-0.2910999445362834],[0.8560383017159321],[0.23784071008208985],[-0.514696705556958],[0.7612692871235107],[0.16316270853826786],[0.29721150433921384],[-0.40332586552350613],[-0.7299712600326023],[0.3519898271135198]]}
sketch.js:220 Best Brain: 390 with Fitness 3964792863092417 and livespan (ticksAlive) of 158273 ms
sketch.js:221 Best Brain Dump:
sketch.js:222 {"numIn":5,"numHidden":10,"numOut":1,"weightsInHidden":[[0.5993939288994576,-0.8283096162837074,0.2839305086446757,0.7903042146061048,0.9158037219014166,-0.8417150508575191,0.20197124928160037,-0.8599776509148229,-0.9237555472859673,-0.538826871755131],[-0.711012031449479,0.5074562407799166,-0.11499683924820103,-0.8006801661694714,-0.15653203250276948,0.822424021808146,0.47341824715105574,-0.5424091062167951,-0.6666823424811379,0.7013092443677826],[-0.47975734178166274,-0.17239576033306347,0.7034121358617464,-0.2502262616747397,0.46499672246864376,0.474386092497455,-0.3370635412796259,0.6987959362702783,0.8509678636726437,0.1362643326432844],[0.2755269642924476,0.35182589299639666,0.3193854224095196,0.35976795911609627,-0.28301043165433337,0.0866105832466435,0.20624450067099476,0.5851655511630198,-0.4083039790959806,-0.4632604348423548],[-0.00950852141471703,-0.5420588923299998,-0.46247207266081647,-0.7338700094838366,-0.2997123873011285,0.5180011563923357,0.6776476998812169,0.023880155152841587,0.15186281777379596,0.5043881021656222]],"weightsHiddenOut":[[-0.2910999445362834],[0.8560383017159321],[0.23784071008208985],[-0.514696705556958],[0.7612692871235107],[0.16316270853826786],[0.29721150433921384],[-0.40332586552350613],[-0.7299712600326023],[0.3519898271135198]]}
sketch.js:220 Best Brain: 2 with Fitness 21426809675020748 and livespan (ticksAlive) of 277749 ms
sketch.js:221 Best Brain Dump:
sketch.js:222 {"numIn":5,"numHidden":10,"numOut":1,"weightsInHidden":[[0.5993939288994576,-0.8283096162837074,0.2839305086446757,0.7903042146061048,0.9158037219014166,-0.8417150508575191,0.20197124928160037,-0.8599776509148229,-0.9237555472859673,-0.5172262368250378],[-0.711012031449479,0.5074562407799166,-0.11499683924820103,-0.8006801661694714,-0.15653203250276948,0.822424021808146,0.47341824715105574,-0.5424091062167951,-0.6666823424811379,0.7013092443677826],[-0.47975734178166274,-0.17239576033306347,0.7034121358617464,-0.2502262616747397,0.46499672246864376,0.474386092497455,-0.5024212954280025,0.6987959362702783,0.8509678636726437,0.1362643326432844],[0.2755269642924476,0.35182589299639666,0.3193854224095196,0.35976795911609627,-0.28301043165433337,0.0866105832466435,0.20624450067099476,0.5851655511630198,-0.4083039790959806,-0.4632604348423548],[-0.00950852141471703,-0.5420588923299998,-0.46247207266081647,-0.7338700094838366,-0.2997123873011285,0.5180011563923357,0.6776476998812169,0.023880155152841587,0.15186281777379596,0.5043881021656222]],"weightsHiddenOut":[[-0.2910999445362834],[0.8560383017159321],[0.23784071008208985],[-0.514696705556958],[0.7612692871235107],[0.16316270853826786],[0.29721150433921384],[-0.40332586552350613],[-0.7299712600326023],[0.3519898271135198]]}
sketch.js:220 Best Brain: 4 with Fitness 80291694452221 and livespan (ticksAlive) of 43141 ms (LOOOOSER!!!)
sketch.js:221 Best Brain Dump:
sketch.js:222 {"numIn":5,"numHidden":10,"numOut":1,"weightsInHidden":[[0.5993939288994576,-0.8283096162837074,0.2839305086446757,0.7903042146061048,0.9158037219014166,-0.8417150508575191,0.20197124928160037,-0.8599776509148229,-0.9237555472859673,-0.538826871755131],[-0.711012031449479,0.5074562407799166,-0.11499683924820103,-0.8006801661694714,-0.15653203250276948,0.822424021808146,0.47341824715105574,-0.5424091062167951,-0.6666823424811379,0.7013092443677826],[-0.47975734178166274,-0.17239576033306347,0.7034121358617464,-0.2502262616747397,0.46499672246864376,0.474386092497455,-0.3370635412796259,0.6987959362702783,0.8509678636726437,0.1362643326432844],[0.2755269642924476,0.35182589299639666,0.3193854224095196,0.35976795911609627,-0.28301043165433337,0.0866105832466435,0.20624450067099476,0.5851655511630198,-0.4083039790959806,-0.4632604348423548],[-0.00950852141471703,-0.5420588923299998,-0.46247207266081647,-0.7338700094838366,-0.2997123873011285,0.5180011563923357,0.6776476998812169,0.023880155152841587,0.15186281777379596,0.5043881021656222]],"weightsHiddenOut":[[-0.2910999445362834],[0.8560383017159321],[0.23784071008208985],[-0.514696705556958],[0.7612692871235107],[0.16316270853826786],[0.29721150433921384],[-0.40332586552350613],[-0.7299712600326023],[0.3519898271135198]]}
sketch.js:220 Best Brain: 167 with Fitness 23673030800522104 and livespan (ticksAlive) of 287134 ms
sketch.js:221 Best Brain Dump:
sketch.js:222 {"numIn":5,"numHidden":10,"numOut":1,"weightsInHidden":[[0.5993939288994576,-0.8283096162837074,0.2839305086446757,0.7903042146061048,0.9158037219014166,-0.8417150508575191,0.20197124928160037,-0.8599776509148229,-0.9237555472859673,-0.5172262368250378],[-0.711012031449479,0.5074562407799166,0.783023502402451,-0.8006801661694714,-0.15653203250276948,0.822424021808146,0.13445293029824468,-0.5424091062167951,-0.6666823424811379,0.7013092443677826],[-0.47975734178166274,-0.17239576033306347,0.7034121358617464,-0.2502262616747397,0.46499672246864376,0.474386092497455,-0.5024212954280025,0.6987959362702783,0.8509678636726437,0.1362643326432844],[0.2755269642924476,0.35182589299639666,0.3193854224095196,0.35976795911609627,-0.28301043165433337,0.0866105832466435,0.20624450067099476,0.5851655511630198,-0.4083039790959806,-0.4632604348423548],[-0.00950852141471703,-0.5420588923299998,-0.46247207266081647,-0.7338700094838366,-0.2997123873011285,0.5180011563923357,0.6776476998812169,0.023880155152841587,0.15186281777379596,0.5043881021656222]],"weightsHiddenOut":[[-0.2910999445362834],[0.8560383017159321],[0.23784071008208985],[-0.514696705556958],[0.7612692871235107],[0.16316270853826786],[0.29721150433921384],[-0.40332586552350613],[-0.7299712600326023],[0.3519898271135198]]}